1376169587
-209634001
873147446
-392243090
2133781018
477135266
1828922982
1460532510
1942915320
-950858094
1056835201
910986834
1909032806
1062598769
-913949592
149881345
801306516
-435608782
955008761
-1332918893
-1680735596
1562235818
-1646199019
2088021168
-371885175
-107913638
1176680050
-537510916
-1240095252
486494723
1521259237
155631778
353985763
-356061852
1447231357
759743005
661429343
1279454709
1564882812
-1435734997
-1214821221
2108224624
1256558471
-902084348
952993166
-1599165714
1588164199
-192566625
1470039307
-1570123164
805611605
-1607280825
-1596366264
933911518
-225478152
-2095740466
-800861139
2088668353
1641736897
979041242
-137235680
-1477821406
495371450
-1713693968
-1213203125
166917052
1211873538
-226307612
-657075069
1407307234
-1196831124
-1082290
218038219
-1079349988
-1307606634
-380364152
-2026876737
1539958079
1253529406
891958471
1732292531
1195599146
365664740
-1562714456
-1239710434
-1793412308
339560669
306826559
214219472
-2023116105
-1588323887
176119950
224529366
-1293757246
-1229836390
358442195
-1793408091
-1068612118
-1420424236
1669546756